1 o 1 1 o 1 o o 1 1 1 1 1 1 o o o 1 1 o 
1 1 1 1 1 1 1 1 1 o 1 1 1 o 1 1 1 1 o x 
1 o 1 o 1 o 1 o 1 1 1 o 1 1 1 1 o 1 1 1 
1 1 1 o 1 1 1 1 1 o 1 1 1 1 1 1 1 o o o 
1 1 x 1 1 1 o 1 o 1 1 o 1 o o 1 o 1 o 1 
1 o 1 1 1 o 1 1 1 1 1 1 1 1 1 1 1 1 1 1 
1 1 1 o o 1 1 o 1 o 1 o 1 1 1 1 o 1 1 o 
o 1 o 1 1 1 x 1 o 1 o 1 1 o 1 o 1 1 o 1 
1 1 1 1 1 1 o 1 1 1 1 1 1 1 1 1 1 1 1 1 
1 1 o 1 o 1 1 1 o o 1 1 o 1 1 1 1 o 1 1 
1 o 1 1 1 o o 1 1 1 o 1 1 o o 1 o 1 1 o 
1 1 1 o 1 1 1 o 1 1 1 1 o 1 1 1 1 1 o 1 
1 1 1 1 1 1 1 1 1 o o 1 1 1 1 o 1 1 1 1 
1 1 1 1 o o 1 1 1 1 1 1 o o 1 1 1 o 1 o 
1 1 o o 1 1 1 1 o 1 1 o 1 1 1 1 1 1 1 1 
o 1 1 1 1 1 1 1 1 o 1 1 1 x 1 1 o 1 1 1 
1 o 1 1 o 1 o 1 o 1 1 1 o 1 o 1 1 o 1 o 
1 1 o o x o 1 1 1 1 o 1 1 1 o 1 1 1 1 1 
1 1 1 o 1 1 1 1 1 1 1 1 o 1 1 1 1 1 1 1 
1 o 1 o 1 1 1 1 o 1 1 1 1 1 1 1 o 1 1 o 